name: bowtie2
channels:
  - conda-forge
  - r
  - bioconda
  - defaults
dependencies:
  - _libgcc_mutex=0.1=conda_forge
  - _openmp_mutex=4.5=2_gnu
  - bowtie2=2.4.4=py39ha4319a6_1
  - bzip2=1.0.8=hd590300_5
  - c-ares=1.28.1=hd590300_0
  - ca-certificates=2024.2.2=hbcca054_0
  - htslib=1.19.1=h81da01d_2
  - keyutils=1.6.1=h166bdaf_0
  - krb5=1.21.2=h659d440_0
  - ld_impl_linux-64=2.40=h41732ed_0
  - libcurl=8.7.1=hca28451_0
  - libdeflate=1.18=h0b41bf4_0
  - libedit=3.1.20191231=he28a2e2_2
  - libev=4.33=hd590300_2
  - libffi=3.4.2=h7f98852_5
  - libgcc-ng=13.2.0=h807b86a_5
  - libgomp=13.2.0=h807b86a_5
  - libnghttp2=1.58.0=h47da74e_1
  - libnsl=2.0.1=hd590300_0
  - libsqlite=3.45.2=h2797004_0
  - libssh2=1.11.0=h0841786_0
  - libstdcxx-ng=13.2.0=h7e041cc_5
  - libuuid=2.38.1=h0b41bf4_0
  - libxcrypt=4.4.36=hd590300_1
  - libzlib=1.2.13=hd590300_5
  - ncurses=6.4.20240210=h59595ed_0
  - openssl=3.2.1=hd590300_1
  - perl=5.32.1=7_hd590300_perl5
  - pigz=2.8=h2797004_0
  - pip=24.0=pyhd8ed1ab_0
  - python=3.9.19=h0755675_0_cpython
  - python_abi=3.9=4_cp39
  - readline=8.2=h8228510_1
  - samtools=1.19.2=h50ea8bc_1
  - setuptools=69.2.0=pyhd8ed1ab_0
  - tbb=2020.2=h4bd325d_4
  - tk=8.6.13=noxft_h4845f30_101
  - tzdata=2024a=h0c530f3_0
  - wheel=0.43.0=pyhd8ed1ab_1
  - xz=5.2.6=h166bdaf_0
  - zlib=1.2.13=hd590300_5
  - zstd=1.5.5=hfc55251_0
prefix: /lustre/grp/tfclab/chenzg/miniconda3/envs/bowtie2
